227 0 3
231 1 1
246 0 1
256 3 3
259 8 4
318 16 4
318 39 4
318 52 1
318 179 4
318 271 0
318 376 4
318 405 4
318 466 4
318 522 4
318 572 4
318 638 4
319 54 3
319 62 4
319 67 4
319 80 4
319 88 4
319 96 4
319 105 2
319 147 4
319 216 3
319 272 3
319 299 3
319 320 4
319 361 1
319 373 4
319 383 2
319 397 3
340 62 1
340 67 3
340 89 2
340 110 2
340 112 2
340 169 3
340 196 3
340 334 1
340 400 1
340 409 1
340 446 2
340 516 3
340 539 0
340 549 0
340 579 4
340 643 4
340 645 4
340 653 0
340 689 3
340 701 1
340 764 1
340 771 3
340 784 4
340 785 0
340 873 0
340 882 3
340 885 4
343 4 4
343 91 2
343 104 3
343 150 1
343 203 1
343 264 1
343 289 3
343 393 1
343 417 1
343 418 1
343 524 1
344 6 2
344 13 1
344 162 1
344 184 4
344 251 1
344 293 1
344 553 1
344 568 3
345 64 2
345 127 2
345 157 1
345 192 4
345 260 1
345 339 4
345 347 1
345 466 1
345 590 0
345 599 3
345 603 2
345 641 1
345 682 3
345 702 1
345 750 3
346 80 1
346 121 0
346 155 4
346 215 1
346 314 1
346 384 0
346 443 2
346 490 0
346 582 2
346 783 0
347 11 3
347 15 1
347 135 1
347 165 1
347 166 3
347 201 0
347 223 3
347 263 0
347 281 0
347 311 3
347 331 4
347 339 2
347 358 4
347 396 4
347 398 1
347 501 4
347 567 4
347 579 0
347 597 3
347 627 3
347 661 0
347 706 1
347 727 3
347 771 1
348 53 1
348 90 3
348 149 1
348 171 1
348 215 1
348 250 2
348 274 1
348 388 3
348 407 4
348 442 4
348 448 1
348 464 1
348 471 3
348 671 1
348 717 0
348 749 2
348 851 2
348 857 0
348 872 3
348 885 2
348 892 1
348 940 4
349 87 1
349 169 1
349 213 4
349 259 1
349 272 0
349 293 4
349 375 1
349 528 3
349 539 1
349 588 1
349 621 4
349 622 4
349 628 0
349 643 0
349 680 2
349 694 4
349 698 4
349 805 4
349 812 3
359 69 2
359 128 2
359 217 2
359 244 1
359 302 0
359 333 4
359 447 4
359 456 2
359 463 4
359 479 4
359 480 0
359 488 2
359 489 4
359 505 1
360 26 1
360 171 3
360 226 3
360 265 3
360 310 0
360 328 2
360 361 3
360 444 1
360 466 4
360 503 4
360 580 1
361 58 3
361 106 2
361 107 3
361 270 1
361 273 3
361 304 3
361 442 2
361 446 2
361 584 3
361 615 4
362 86 3
362 92 4
362 165 4
362 171 4
362 186 3
362 209 3
362 275 0
362 374 0
362 412 3
362 503 3
362 533 3
362 596 0
363 109 0
363 274 4
363 328 4
363 403 0
363 496 1
363 503 4
363 511 1
363 548 2
364 114 0
364 146 0
364 158 1
364 193 4
364 235 1
364 246 3
364 250 0
364 312 3
364 365 3
364 419 3
364 502 4
365 4 3
365 30 1
365 48 3
365 79 3
365 98 0
365 141 3
365 187 0
365 252 3
365 325 3
365 359 4
366 4 2
366 24 3
366 140 1
366 191 3
366 194 4
366 202 3
366 232 0
366 280 0
366 339 0
366 379 2
366 428 1
366 473 0
366 515 0
366 519 4
367 34 4
367 72 4
367 107 3
367 156 4
367 271 4
367 315 4
367 380 4
367 382 3
367 416 1
368 12 3
368 43 3
368 161 1
368 171 0
368 212 4
368 272 4
368 281 0
368 313 0
368 322 0
368 345 0
368 352 0
369 52 4
369 124 4
369 160 3
369 226 0
369 267 0
369 366 0
369 408 4
369 442 0
369 465 0
370 3 4
370 29 1
370 71 0
370 91 0
370 211 4
370 214 3
370 229 3
370 236 0
370 295 3
370 307 3
370 331 1
370 380 3
370 382 3
370 414 4
370 428 3
370 484 3
371 35 3
371 70 4
371 239 0
371 301 4
371 342 4
371 354 1
371 376 3
371 408 0
371 446 4
371 472 0
372 22 3
372 82 1
372 178 0
372 211 0
372 282 4
372 297 3
372 313 4
372 314 4
372 355 3
372 373 4
372 394 3
373 35 1
373 46 4
373 106 4
373 202 0
373 272 1
373 363 1
373 366 2
373 384 4
373 415 0
373 498 3
374 23 0
374 39 4
374 127 3
374 128 0
374 133 3
374 167 4
374 314 4
374 316 4
374 498 4
374 509 4
374 533 3
375 2 0
375 53 2
375 59 4
375 90 4
375 117 3
375 173 4
375 174 0
375 249 0
375 359 4
375 372 0
375 420 2
375 430 2
375 443 2
375 463 0
375 475 2
376 72 4
376 102 4
376 177 0
376 234 2
376 284 0
376 299 0
376 353 1
376 361 0
376 384 3
376 452 4
377 24 3
377 36 2
377 58 3
377 83 0
377 90 4
377 140 1
377 144 3
377 153 2
377 222 3
377 223 3
377 244 1
377 251 0
377 287 3
377 308 4
377 318 1
377 326 1
377 390 1
377 401 1
377 418 0
377 429 0
377 430 3
378 20 0
378 57 0
378 88 3
378 149 4
378 187 3
378 225 3
378 232 0
378 248 4
378 282 4
378 296 0
378 378 3
378 401 1
378 402 0
378 429 4
378 454 0
379 137 2
379 214 0
379 236 3
379 245 4
379 248 1
379 253 0
379 266 2
379 271 4
379 285 3
379 328 4
379 342 3
379 415 4
379 440 4
379 517 2
380 81 0
380 103 3
380 155 3
380 184 4
380 195 0
380 222 4
380 349 3
380 449 3
380 486 0
380 491 0
381 36 0
381 112 4
381 134 4
381 140 4
381 151 4
381 210 1
381 219 3
381 226 0
381 280 4
381 447 4
381 547 0
382 92 4
382 104 1
382 138 3
382 208 4
382 232 1
382 313 0
382 387 4
382 469 1
382 484 4
382 519 3
382 521 4
383 25 1
383 39 0
383 49 4
383 52 1
383 105 1
383 193 4
383 198 4
383 221 4
383 253 0
383 281 0
383 334 0
383 361 1
383 374 4
383 378 4
383 410 2
383 422 3
383 424 4
383 458 4
384 57 0
384 72 4
384 98 4
384 112 3
384 121 1
384 201 3
384 247 3
384 251 4
384 282 2
384 306 4
384 321 3
384 331 4
384 338 3
384 339 2
384 345 4
384 352 2
384 355 0
384 463 4
384 495 3
384 498 4
385 20 4
385 65 3
385 78 1
385 126 3
385 151 0
385 175 0
385 248 4
385 262 0
385 297 4
385 334 3
385 345 4
386 44 4
386 55 4
386 118 1
386 173 2
386 236 4
386 285 4
386 340 3
386 412 4
386 497 4
387 31 1
387 43 4
387 73 3
387 110 4
387 113 4
387 149 0
387 158 4
387 203 4
387 217 2
387 242 0
387 251 0
387 253 1
387 261 1
387 278 3
387 287 1
387 311 1
387 322 0
387 327 4
387 337 0
387 406 0
387 456 3
387 487 4
388 20 0
388 54 2
388 93 4
388 98 3
388 142 3
388 225 4
388 264 4
388 268 4
388 313 2
388 330 4
388 341 4
389 72 4
389 80 0
389 110 4
389 173 4
389 197 4
389 225 1
389 240 3
389 279 0
389 295 3
389 391 1
389 396 0
389 402 4
389 564 4
390 0 4
390 138 4
390 152 1
390 181 2
390 195 0
390 259 1
390 316 4
390 324 4
390 391 4
391 150 4
391 175 0
391 262 0
391 263 3
391 295 3
391 333 4
391 466 4
391 533 3
391 537 4
392 105 4
392 112 4
392 184 4
392 214 1
392 215 1
392 388 4
392 426 1
392 445 3
392 468 0
393 108 3
393 188 2
393 288 1
393 328 0
393 343 1
393 361 1
393 385 3
394 137 4
394 184 4
394 229 0
394 234 4
394 254 2
394 298 3
394 309 1
394 400 4
395 2 4
395 6 4
395 46 4
395 109 3
395 170 4
395 257 2
395 350 2
395 360 2
395 382 1
395 438 4
395 559 0
396 44 0
396 61 0
396 70 4
396 167 4
396 206 4
396 235 3
396 342 3
396 405 0
396 470 1
396 498 4
396 505 3
396 512 3
397 65 1
397 99 2
397 117 3
397 138 4
397 149 3
397 248 4
397 261 0
397 289 0
397 363 3
397 394 3
397 405 4
397 478 3
397 488 3
398 59 1
398 60 0
398 76 4
398 78 4
398 90 4
398 96 4
398 130 0
398 147 0
398 225 1
398 313 1
398 361 4
398 385 3
398 388 4
398 398 4
398 476 4
399 48 4
399 167 4
399 203 2
399 233 1
399 260 1
399 272 4
399 302 4
399 308 4
399 309 0
399 452 4
399 469 0
400 12 4
401 42 3
401 129 4
401 141 4
401 146 0
401 192 4
401 204 4
401 264 3
401 384 4
401 463 0
402 6 0
402 28 4
402 45 4
402 215 3
402 222 0
402 233 3
402 248 3
402 378 4
402 408 3
402 419 3
402 429 4
402 465 4
403 18 4
403 33 3
403 150 4
403 160 1
403 237 1
403 240 3
403 295 4
403 299 0
403 312 4
404 2 3
404 4 0
404 71 3
404 85 3
404 108 1
404 131 4
404 137 3
404 168 0
404 185 3
404 272 4
404 304 1
405 22 3
405 172 4
405 224 4
406 6 4
406 9 4
406 124 4
406 168 2
407 4 2
407 63 4
407 64 2
407 101 2
411 142 1
411 159 0
411 186 4
411 294 1
412 102 4
412 134 2
412 161 1
412 177 4
412 181 3
413 29 1
413 223 3
413 264 2
413 277 1
414 96 4
414 103 3
414 109 0
414 161 1
414 203 0
414 267 3
414 392 4
415 43 4
415 54 4
415 66 4
415 103 4
415 113 4
415 145 4
415 174 4
415 285 3
416 32 3
416 120 0
416 185 2
416 278 0
416 290 4
416 295 3
416 321 0
416 362 4
416 374 1
417 9 2
417 180 4
417 190 2
417 206 1
417 233 4
417 255 4
417 299 4
418 6 3
418 17 3
418 49 4
418 72 4
418 147 3
418 194 0
418 249 0
418 270 0
418 321 4
418 365 0
418 377 0
418 390 4
418 393 4
419 45 4
419 102 3
419 208 3
419 248 3
419 253 4
419 344 4
420 31 4
420 69 3
420 75 3
420 76 3
420 98 2
420 162 4
420 173 4
420 200 4
420 414 4
421 16 4
421 99 3
421 112 1
421 123 3
421 158 4
421 240 4
421 245 0
421 273 3
421 316 3
422 11 1
422 13 4
422 123 3
422 164 4
422 276 1
422 292 1
422 327 3
422 328 1
422 384 4
423 51 4
423 92 3
423 118 3
423 165 4
423 243 4
423 245 1
423 321 4
423 402 4
424 88 3
424 145 0
424 153 4
424 211 0
424 248 1
424 262 4
424 278 4
425 92 4
425 141 4
425 199 4
425 229 4
425 312 4
425 319 4
426 47 0
426 123 3
426 187 3
426 203 4
426 277 4
427 90 4
427 287 4
427 349 3
427 366 4
428 2 3
428 14 4
428 44 4
428 283 0
428 344 0
428 371 0
428 372 4
429 45 3
429 85 4
429 91 0
429 106 4
429 285 0
429 338 4
429 340 4
430 26 4
430 46 2
430 73 1
430 88 4
430 133 4
430 161 3
430 281 4
431 1 3
431 37 0
431 71 1
431 76 4
431 85 0
431 97 3
431 117 3
431 130 0
431 155 3
431 180 3
431 207 0
431 316 3
432 32 4
432 48 3
432 51 1
432 94 4
432 103 4
432 114 3
432 135 1
432 140 4
432 191 4
432 258 1
433 32 4
433 117 4
433 121 3
433 178 0
433 217 4
434 0 4
434 19 3
434 33 4
434 52 1
434 126 3
434 171 4
434 203 3
434 261 2
434 274 0
434 316 2
435 62 0
435 145 3
435 146 0
435 214 4
435 288 4
435 323 3
436 9 4
436 30 4
436 103 4
436 128 4
436 166 3
436 225 1
436 266 4
437 13 3
437 99 4
437 113 3
437 129 4
437 156 4
437 198 3
437 204 4
438 11 4
438 13 4
438 50 4
438 68 4
438 102 2
438 119 0
438 158 4
438 170 4
438 212 3
438 247 3
438 358 3
439 21 4
439 49 4
439 75 3
439 105 4
439 116 4
439 118 0
439 146 4
439 220 0
439 243 3
439 291 4
439 294 4
439 338 4
439 339 0
440 54 1
440 83 4
440 129 4
440 162 2
440 221 1
440 273 4
440 281 4
441 5 4
441 16 3
441 142 1
441 190 4
441 196 4
441 316 4
441 373 4
441 384 3
441 396 4
442 46 4
442 213 4
442 219 4
442 234 3
442 251 4
442 253 3
442 290 4
443 99 4
443 173 4
443 304 0
443 318 4
443 339 4
444 72 0
444 135 1
444 156 4
444 169 3
444 176 4
444 243 0
444 266 4
444 283 4
444 289 4
444 291 2
445 33 4
445 66 1
445 120 4
445 240 4
445 267 4
445 293 4
445 299 4
446 46 4
446 84 4
446 200 3
446 205 4
446 211 4
446 216 2
446 227 0
446 237 4
446 275 1
446 305 4
447 16 3
447 46 1
447 103 3
447 193 4
447 216 4
447 281 4
447 311 1
448 52 0
448 54 4
448 97 3
